=================================================================================
                       OPTIMIZATION SWEEP LEADERBOARD
Parameters: X, Y, Z, C | Runs per combo: 100 | Challenge Rand: 0.4
=================================================================================
Rank | Score  | X | Y | Z | C | Stability | Collision | Contenders
-----|--------|---|---|---|---|-----------|-----------|-----------
   1 | 4.270 | 2 | 6 | 1 | 1 | 4.670     | 0.490     | 10.090    
   2 | 4.140 | 5 | 7 | 2 | 3 | 4.760     | 0.400     | 9.780     
   3 | 4.080 | 3 | 5 | 2 | 2 | 4.660     | 0.580     | 10.000    
   4 | 4.070 | 2 | 4 | 1 | 3 | 4.300     | 0.660     | 10.430    
   5 | 4.050 | 4 | 6 | 3 | 2 | 4.630     | 0.350     | 9.770     
   6 | 4.020 | 4 | 6 | 1 | 2 | 4.790     | 0.380     | 9.610     
   7 | 3.950 | 4 | 7 | 3 | 2 | 4.560     | 0.330     | 9.720     
   8 | 3.910 | 5 | 7 | 4 | 3 | 4.360     | 0.300     | 9.850     
   9 | 3.900 | 2 | 7 | 1 | 2 | 4.430     | 0.360     | 9.830     
  10 | 3.890 | 4 | 5 | 2 | 3 | 4.290     | 0.300     | 9.900     
  11 | 3.850 | 5 | 6 | 2 | 2 | 4.790     | 0.320     | 9.380     
  12 | 3.830 | 2 | 7 | 1 | 3 | 4.500     | 0.470     | 9.800     
  13 | 3.830 | 3 | 7 | 2 | 2 | 4.700     | 0.380     | 9.510     
  14 | 3.820 | 3 | 7 | 1 | 2 | 4.780     | 0.400     | 9.440     
  15 | 3.810 | 5 | 7 | 3 | 2 | 4.460     | 0.210     | 9.560     
  16 | 3.800 | 3 | 6 | 2 | 2 | 4.700     | 0.470     | 9.570     
  17 | 3.790 | 2 | 6 | 1 | 3 | 4.330     | 0.540     | 10.000    
  18 | 3.780 | 2 | 5 | 1 | 1 | 4.690     | 0.800     | 9.890     
  19 | 3.780 | 3 | 7 | 2 | 3 | 4.620     | 0.460     | 9.620     
  20 | 3.780 | 3 | 6 | 1 | 2 | 4.510     | 0.430     | 9.700     
  21 | 3.770 | 3 | 6 | 1 | 3 | 4.330     | 0.330     | 9.770     
  22 | 3.740 | 5 | 6 | 4 | 3 | 4.540     | 0.360     | 9.560     
  23 | 3.730 | 4 | 6 | 2 | 3 | 4.570     | 0.520     | 9.680     
  24 | 3.710 | 3 | 4 | 1 | 3 | 4.480     | 0.500     | 9.730     
  25 | 3.700 | 3 | 6 | 1 | 1 | 4.660     | 0.460     | 9.500     
  26 | 3.690 | 4 | 5 | 2 | 2 | 4.900     | 0.560     | 9.350     
  27 | 3.690 | 2 | 3 | 1 | 3 | 4.380     | 0.710     | 10.020    
  28 | 3.680 | 4 | 5 | 1 | 3 | 4.560     | 0.360     | 9.480     
  29 | 3.640 | 3 | 4 | 1 | 2 | 4.850     | 0.670     | 9.460     
  30 | 3.630 | 3 | 4 | 2 | 2 | 4.510     | 0.550     | 9.670     
  31 | 3.630 | 3 | 5 | 2 | 3 | 4.500     | 0.540     | 9.670     
  32 | 3.630 | 3 | 5 | 1 | 1 | 4.670     | 0.480     | 9.440     
  33 | 3.620 | 4 | 7 | 1 | 1 | 4.640     | 0.370     | 9.350     
  34 | 3.610 | 2 | 5 | 1 | 3 | 4.510     | 0.440     | 9.540     
  35 | 3.600 | 4 | 7 | 2 | 3 | 4.490     | 0.380     | 9.490     
  36 | 3.600 | 3 | 7 | 1 | 3 | 4.560     | 0.350     | 9.390     
  37 | 3.580 | 2 | 6 | 1 | 2 | 4.650     | 0.570     | 9.500     
  38 | 3.580 | 3 | 7 | 2 | 1 | 4.710     | 0.460     | 9.330     
  39 | 3.570 | 3 | 4 | 2 | 3 | 4.390     | 0.590     | 9.770     
  40 | 3.560 | 4 | 7 | 3 | 1 | 4.810     | 0.460     | 9.210     
  41 | 3.550 | 3 | 6 | 2 | 1 | 4.670     | 0.470     | 9.350     
  42 | 3.550 | 4 | 7 | 2 | 1 | 4.710     | 0.340     | 9.180     
  43 | 3.550 | 4 | 7 | 1 | 2 | 4.570     | 0.290     | 9.270     
  44 | 3.500 | 5 | 7 | 3 | 3 | 4.450     | 0.340     | 9.390     
  45 | 3.500 | 4 | 5 | 3 | 3 | 4.530     | 0.520     | 9.490     
  46 | 3.500 | 4 | 7 | 1 | 3 | 4.670     | 0.330     | 9.160     
  47 | 3.500 | 3 | 5 | 1 | 3 | 4.420     | 0.710     | 9.790     
  48 | 3.480 | 2 | 5 | 1 | 2 | 4.510     | 0.650     | 9.620     
  49 | 3.470 | 5 | 7 | 4 | 1 | 4.900     | 0.500     | 9.070     
  50 | 3.460 | 5 | 6 | 3 | 3 | 4.450     | 0.300     | 9.310     
  51 | 3.460 | 5 | 6 | 4 | 2 | 4.550     | 0.260     | 9.170     
  52 | 3.460 | 3 | 6 | 2 | 3 | 4.630     | 0.420     | 9.250     
  53 | 3.450 | 5 | 6 | 3 | 2 | 4.610     | 0.440     | 9.280     
  54 | 3.400 | 5 | 6 | 2 | 3 | 4.750     | 0.340     | 8.990     
  55 | 3.380 | 2 | 7 | 1 | 1 | 4.710     | 0.450     | 9.120     
  56 | 3.370 | 4 | 5 | 2 | 1 | 4.830     | 0.530     | 9.070     
  57 | 3.370 | 4 | 7 | 2 | 2 | 4.770     | 0.220     | 8.820     
  58 | 3.350 | 2 | 4 | 1 | 1 | 4.600     | 0.520     | 9.270     
  59 | 3.340 | 5 | 7 | 3 | 1 | 4.740     | 0.370     | 8.970     
  60 | 3.330 | 5 | 6 | 1 | 2 | 4.900     | 0.400     | 8.830     
  61 | 3.330 | 5 | 6 | 1 | 3 | 4.610     | 0.480     | 9.200     
  62 | 3.320 | 3 | 7 | 1 | 1 | 4.800     | 0.560     | 9.080     
  63 | 3.310 | 4 | 6 | 3 | 1 | 4.730     | 0.410     | 8.990     
  64 | 3.300 | 4 | 5 | 1 | 2 | 4.580     | 0.350     | 9.070     
  65 | 3.270 | 4 | 5 | 1 | 1 | 4.850     | 0.420     | 8.840     
  66 | 3.250 | 3 | 5 | 1 | 2 | 4.560     | 0.550     | 9.240     
  67 | 3.240 | 5 | 7 | 4 | 2 | 4.530     | 0.360     | 9.070     
  68 | 3.240 | 4 | 7 | 3 | 3 | 4.750     | 0.520     | 9.010     
  69 | 3.230 | 4 | 5 | 3 | 2 | 4.530     | 0.520     | 9.220     
  70 | 3.230 | 4 | 6 | 2 | 1 | 4.690     | 0.560     | 9.100     
  71 | 3.180 | 2 | 3 | 1 | 2 | 4.490     | 0.790     | 9.480     
  72 | 3.180 | 2 | 4 | 1 | 2 | 4.380     | 0.670     | 9.470     
  73 | 3.180 | 4 | 6 | 3 | 3 | 4.280     | 0.430     | 9.330     
  74 | 3.170 | 2 | 3 | 1 | 1 | 4.660     | 0.740     | 9.250     
  75 | 3.140 | 3 | 4 | 1 | 1 | 4.930     | 0.520     | 8.730     
  76 | 3.120 | 3 | 4 | 2 | 1 | 4.800     | 0.650     | 8.970     
  77 | 3.110 | 4 | 6 | 2 | 2 | 4.740     | 0.960     | 9.330     
  78 | 3.090 | 5 | 6 | 1 | 1 | 4.900     | 0.190     | 8.380     
  79 | 3.080 | 5 | 6 | 3 | 1 | 4.840     | 0.310     | 8.550     
  80 | 3.080 | 4 | 5 | 3 | 1 | 4.700     | 0.450     | 8.830     
  81 | 3.050 | 5 | 7 | 2 | 2 | 4.640     | 0.310     | 8.720     
  82 | 2.990 | 5 | 7 | 2 | 1 | 4.890     | 0.400     | 8.500     
  83 | 2.970 | 4 | 6 | 1 | 3 | 4.470     | 0.550     | 9.050     
  84 | 2.950 | 3 | 5 | 2 | 1 | 4.800     | 0.600     | 8.750     
  85 | 2.920 | 5 | 7 | 1 | 2 | 4.780     | 0.430     | 8.570     
  86 | 2.880 | 5 | 7 | 1 | 1 | 4.820     | 0.360     | 8.420     
  87 | 2.870 | 5 | 6 | 2 | 1 | 4.700     | 0.390     | 8.560     
  88 | 2.870 | 5 | 7 | 1 | 3 | 4.570     | 0.370     | 8.670     
  89 | 2.730 | 4 | 6 | 1 | 1 | 4.670     | 0.400     | 8.460     
  90 | 2.620 | 5 | 6 | 4 | 1 | 4.600     | 0.340     | 8.360     
